2017-10-29 23:18:22
  Time(s)|    ax(g)|    ay(g)|    az(g)|wx(deg/s)|wy(deg/s)|wz(deg/s)|AglX(deg)|AglY(deg)|AglZ(deg)|
    0.021|    0.002|   -0.066|   -0.007|   -0.183|    0.000|   -0.061|   -3.867|   -0.137|   -0.132|
    0.042|    0.001|   -0.068|   -0.005|   -2.562|   -2.562|    1.160|   -3.873|   -0.137|   -0.132|
    0.063|    0.003|   -0.067|   -0.010|   -0.122|    0.061|    0.000|   -3.879|   -0.137|   -0.132|
    0.084|    0.001|   -0.066|   -0.009|   -0.305|   -0.061|    0.000|   -3.879|   -0.137|   -0.132|
    0.105|    0.002|   -0.067|   -0.006|   -0.244|    0.000|    0.000|   -3.883|   -0.132|   -0.132|
    0.126|    0.001|   -0.069|   -0.005|   -0.122|   -0.061|    0.000|   -3.895|   -0.137|   -0.132|
    0.147|   -0.225|   -0.025|    0.757|   -0.122|   -0.122|    0.000|   32.812|   14.203|   -0.330|
    0.168|    0.004|   -0.069|   -0.004|   -0.061|   -0.061|    0.061|   -3.900|   -0.137|   -0.132|
    0.189|    0.004|   -0.069|   -0.004|    0.061|   -0.061|    0.061|   -3.900|   -0.137|   -0.132|
    0.210|   -0.213|   -0.042|   -0.002|    0.061|    0.000|    0.000|   -3.895|   -0.137|   -0.132|
    0.231|   -0.002|   -0.065|   -0.002|    0.061|    0.061|    0.000|   -3.895|   -0.132|   -0.132|
    0.252|    0.000|   -0.063|   -0.007|    0.122|    0.061|    0.000|   -0.137|   -0.231|   -0.011|
    0.273|    0.000|   -0.068|   -0.006|    0.061|   -0.061|    0.000|   -3.889|   -0.132|   -0.132|
    0.294|    0.001|   -0.069|   -0.006|    0.000|    0.000|    0.000|   -3.889|   -0.126|   -0.132|
    0.315|    0.003|   -0.069|   -0.006|   -0.061|    0.000|    0.000|   40.812|   12.719|    3.279|
    0.336|    0.004|   -0.068|   -0.004|    0.000|   -0.061|    0.000|   -3.889|   -0.126|   -0.132|
    0.357|    0.004|   -0.068|   -0.004|    0.000|   -0.061|    0.000|   -3.889|   -0.126|   -0.132|
    0.378|    0.005|   -0.068|   -0.006|    0.000|   -0.061|    0.061|   -3.889|   -0.132|   -0.132|
    0.399|    0.003|   -0.070|   -0.006|    0.061|   -0.061|    0.061|   -3.895|   -0.137|   -0.132|
    0.420|    0.002|   -0.068|   -0.005|    0.061|    0.000|    0.000|   -3.895|   -0.137|   -0.132|
    0.441|    0.000|   -0.066|   -0.007|  257.500|    4.027|   -1.770|   -3.895|   -0.137|   -0.132|
    0.462|    0.003|   -0.069|   -0.006|   -0.061|   -0.061|    0.061|   -3.895|   -0.132|   -0.132|
    0.483|    0.011|   -0.108|   -0.045|    0.000|    0.000|    0.061|   -3.895|   -0.132|   -0.132|
    0.504|   -0.022|   -0.017|   -0.025|   -7.324|    3.234|    6.715|  118.188|   -0.236|   -0.159|
    0.525|   -0.043|   -0.040|   -0.746|    3.539|   -3.723|    2.625|   -3.791|   -0.209|  -28.062|
    0.546|   -0.047|   -0.096|    1.018|    4.273|   -1.893|   -1.525|   -3.768|   -0.253|  -28.078|
    0.568|   -0.120|   -0.066|    1.034|   -5.922|   -2.074|  -13.609|   -4.215|   -0.582|   -0.258|
    0.589|   -0.094|   -0.033|   -0.055|   -6.043|   -2.990|   -5.434|   -5.180|   -1.252|   -0.599|
    0.610|    0.011|   -0.122|   -0.006|   -3.662|   -7.812|   -0.122|   -7.027|   -2.631|  -28.891|
    0.631|    0.260|   -0.121|   -0.018|   -3.602|   -5.555|   -4.578|   -0.319|   -0.181|  -29.203|
    0.652|    0.137|   -0.069|   -0.043|   19.844|   -5.309|   -2.562|   -6.812|   -2.594|   -0.176|
    0.673|    0.173|   -0.075|   -0.010|   -1.648|   -1.343|   -1.343|   -6.473|   -2.389|   -0.511|
    0.694|    0.125|   -0.116|   -0.056|   -1.770|   -6.043|   -6.469|   -5.137|   -0.286|  -30.828|
    0.715|   -0.028|   -0.079|   -0.046|   -0.610|   -7.020|   -1.465|   -3.740|   -0.912|  -31.656|
    0.736|   -0.003|   -0.723|    0.401|   -7.750|  -74.875|  -14.711|   -0.439|   -0.994|  -32.281|
    0.757|    0.009|    0.034|   -0.005|   -6.957|   -1.831|   47.000|   -2.334|   -2.445|  -31.844|
    0.778|   -0.029|   -0.028|    1.048|   -2.869|    2.074|   17.938|   -0.374|   -2.549|   -0.549|
    0.799|   -0.035|    0.032|    1.175|   -3.967|  -28.016|   33.438|   -0.450|   -0.264|  -30.484|
    0.820|   -0.044|   -0.004|    1.389|   -7.570|  -73.562|   -5.371|   -0.005|   -0.247|  -29.406|
    0.841|   -0.083|   -0.116|    1.263|   -1.160|  -88.438|   49.625|   -0.187|   -0.472|   -0.165|
    0.862|    0.387|   -0.104|   -0.006|   -7.387|   -6.043|   -6.285|    1.604|   -0.187|  -27.891|
    0.883|    0.432|   -0.038|    1.518|  142.250|  -46.094|   -7.812|   -0.214|   -0.582|    3.264|
    0.904|   -0.056|   -0.021|   -0.043|  177.250|   -4.332|  -92.375|    7.648|   -0.434|   -0.472|
    0.925|    0.305|    0.267|    1.547|   -2.074|   -3.723| -106.312|   -0.269|   -9.406|   -0.082|
    0.946|   -0.057|   -0.117|   -0.021|  284.750|  -10.195| -105.250|   14.227|   -9.836|  -33.219|
    0.967|   -0.057|   -0.117|   -0.021|  284.750|  -10.195| -105.250|   14.227|   -9.836|  -33.219|
    0.988|   -0.057|   -0.117|   -0.021|  284.750|  -10.195| -105.250|   14.227|   -9.836|  -33.219|
    1.009|   -0.057|   -0.117|   -0.021|  284.750|  -10.195| -105.250|   14.227|   -9.836|  -33.219|
    1.030|   -0.100|   -0.034|   -0.033|   -0.488|  -43.281|  -41.000|   24.250|   -9.656|  -36.031|
    1.051|   -0.582|    0.054|    0.310|   -3.539|   -3.357|  -29.234|   -0.621|   -0.209|   -0.467|
    1.072|   -0.980|   -0.015|    0.281|   -7.078|  -71.375|   -0.610|   -0.566|   -0.044|   -0.242|
    1.093|   -0.002|   -0.052|    0.126|  205.500|   -3.297|   -1.893|   48.062|  -15.188|   -0.181|
    1.114|   -0.054|   -0.024|    0.290|   -1.343|   -1.465|   -4.090|   -0.621|  -22.094|  -36.188|
    1.135|   -0.020|    0.646|   -0.046|   -2.625|   -0.671|   -1.465|   56.625|   -0.379|  -34.906|
    1.156|   -0.033|    0.172|    0.041|   -1.160|   -3.539|   -2.502|   -0.242|   -0.588|   -0.071|
    1.177|   -0.033|    0.046|   -0.313|   -7.078|  -87.438|   -7.691|   -0.396|   -0.038|  -37.875|
    1.198|    1.633|   -0.092|   -0.034|   -7.078|   -6.469|  -26.859|  -49.188|  -25.125|   -0.489|
    1.219|    1.271|   -0.083|   -0.041| -120.500| -117.750|  -92.125| -179.750|   -0.286|  -36.250|
    1.240|   -0.048|   -0.052|   -0.949|   -2.381|   -0.977|   -5.434|   -0.626|  -38.938|  -32.344|
    1.261|    0.419|   -0.052|   -0.867|   -6.227|   -6.348|   -7.508|   -0.626|  -38.938|  -32.344|
    1.282|    0.419|   -0.052|   -0.867|   -6.227|   -6.348|   -7.508|   -0.626|  -38.938|  -32.344|
    1.303|    0.419|   -0.052|   -0.867|   -6.227|   -6.348|   -7.508|   -0.626|  -38.938|  -32.344|
    1.324|    0.419|   -0.052|   -0.867|   -6.227|   -6.348|   -7.508|   -0.626|  -38.938|  -32.344|
    1.345|    0.419|   -0.052|   -0.867|   -6.227|   -6.348|   -7.508|   -0.626|  -38.938|  -32.344|
    1.366|   -0.002|   -0.044|   -0.012| -276.750|   -3.297|  -25.031|  137.875|  -34.719|   -0.654|
    1.387|   -0.061|    0.807|    1.537|   -6.594|   -6.773|   -2.074|   -0.082|   -0.341|  -24.891|
    1.408|   -0.016|    0.793|   -0.012|   -6.957|   63.062|   -0.427|   -0.220|   -0.500|   -0.044|
    1.429|    0.929|    0.643|   -0.015|   63.062|   -5.859|  204.250|  125.625|   -0.181|   -0.374|
    1.450|    0.929|    0.643|   -0.015|   63.062|   -5.859|  204.250|  125.625|   -0.181|   -0.374|
    1.471|   -0.003|    0.558|    1.518|   -0.671|   66.375|   -6.164|  129.750|  -51.656|   -0.648|
    1.492|   -0.003|    0.558|    1.518|   -0.671|   66.375|   -6.164|  129.750|  -51.656|   -0.648|
    1.513|   -0.020|    0.166|   -0.049|  234.500|   38.562|   96.938|  135.250|   -0.588|   -0.478|
    1.534|   -0.020|    0.166|   -0.049|  234.500|   38.562|   96.938|  135.250|   -0.588|   -0.478|
    1.555|   -0.020|    0.166|   -0.049|  234.500|   38.562|   96.938|  135.250|   -0.588|   -0.478|
    1.576|   -0.062|    0.150|   -0.037|   -3.906|   -5.980|   62.625|  138.000|  -54.531|  -30.656|
    1.597|   -0.062|    0.150|   -0.037|   -3.906|   -5.980|   62.625|  138.000|  -54.531|  -30.656|
    1.618|   -0.062|    0.150|   -0.037|   -3.906|   -5.980|   62.625|  138.000|  -54.531|  -30.656|
    1.639|   -0.007|    1.254|    0.657|  203.875|  -10.562|   17.766|   -0.286|  -54.562|   -0.060|
    1.660|    1.526|    0.051|   -0.035|   -1.648|  -73.438| -124.312|  144.125|   -0.505|  -29.219|
    1.681|   -0.060|   -0.022|   -0.593|   -1.831| -167.875|   -4.762| -167.375|  -47.625|  -13.969|
    1.702|   -0.010|    0.180|   -0.048| -338.000|   -7.629|  -46.219|  160.625|   -0.115|   -7.738|
    1.723|   -0.845|   -0.055|   -0.047| -357.500|   -7.570|   -1.831|  153.500|   -0.137|   -0.676|
    1.744|    0.153|    0.392|    2.434|  -11.539|  172.375|   -5.859|   -0.478|   -0.472|   -0.324|
    1.765|   -0.031|   -0.093|   -0.027|   -4.945|  240.250|  204.000|   -0.341|  -73.062|  -15.219|
    1.786|   -0.038|   -0.018|   -0.020|  205.375|   -7.570|   -5.738|   -0.654|  -68.812|   -0.352|
    1.807|    1.514|    0.180|    1.266|   -6.957|   -3.785|   -7.629|   -0.247|   -0.450|   -6.938|
    1.828|   -0.062|   -0.057|    0.560|   -2.258| -199.750|   -0.671|   11.789|   -0.099|   -0.472|
    1.849|    0.304|   -0.084|    0.165|    1.160| -212.625|   -5.676|   -0.319|   -0.571|   -0.121|
    1.870|    0.304|   -0.084|    0.165|    1.160| -212.625|   -5.676|   -0.319|   -0.571|   -0.121|
    1.891|    0.304|   -0.084|    0.165|    1.160| -212.625|   -5.676|   -0.319|   -0.571|   -0.121|
    1.912|    0.273|   -0.062|   -0.030|  -42.344|   -7.570|   -3.602|   -0.231|   -0.450|   -0.604|
    1.933|   -0.011|   -0.007|   -0.047| -138.250| -183.125| -123.812|   66.250|  -79.562|  -72.750|
    1.955|   -0.705|    0.382|    0.424| -217.250|   -6.531|   82.000|   -0.538|  -81.188|   -0.154|
    1.976|   -0.465|    0.646|   -0.026| -186.500|  176.750|   -4.211|   47.938|  -84.188|   -0.225|
    1.997|    0.381|    0.416|    1.790|  -12.516|   -5.434|  190.625|  -23.828|   -0.148|   -0.901|
    2.018|    1.045|   -0.047|    1.535|   -0.854|  130.125|   -6.652|   -0.681|   -0.291|   -0.599|
    2.039|    1.520|   -0.112|    1.291|   -5.797|   99.688|  113.688|  -36.406|   -0.330|   -0.022|
    2.060|   -0.042|   -0.204|    0.764|   -2.809|   21.484|   -2.258|   -0.626|   -0.352|   -0.225|
    2.081|    1.048|   -0.247|   -0.029|  111.125|   -4.027|   -4.578|   -0.368|   -0.698|   20.312|
    2.102|   -0.012|   -0.189|   -0.034|   -3.662|   -4.457|   -3.723|  -31.734|   -0.396|   -0.527|
    2.123|   -0.062|   -0.014|   -0.039|   -7.691|   -0.793|  -60.125|  -30.906|  -67.188|   19.906|
    2.144|   -0.059|   -0.027|   -0.022|  -41.438|   18.562|   -1.221|   -0.225|  -69.938|    7.395|
    2.165|   -0.001|    0.025|   -0.017| -107.562|   -1.770| -124.062|  -16.328|   -0.044|    2.840|
    2.186|   -0.205|   -0.056|    0.539| -166.375|   -0.793|   -4.699|  -13.539|  -71.500|   -2.785|
    2.207|   -0.246|    0.278|   -0.007|   -7.629|   -5.676|   -7.020|  -13.758|  -72.625|   -0.494|
    2.228|   -0.044|   -0.053|    1.506|   -1.953|   -2.320|  -25.266|  -13.977|  -73.125|   -0.654|
    2.249|   -0.211|   -0.047|   -0.054|   -0.916|   -1.281|   -6.227|   -0.439|  -72.750|  -10.578|
    2.270|   -0.103|   -0.048|    1.291|  -45.469|   83.188|   37.344|  -14.938|   -0.396|  -10.789|
    2.291|    0.150|    0.187|    1.137|  -43.281|   69.812|   -3.357|  -24.812|   -0.148|   -2.312|
    2.312|   -0.725|    0.644|   -0.045|   -0.244|   -0.549|  159.875|   -0.319|   -0.604|   -0.275|
    2.333|    0.633|    0.026|   -0.015|   18.062|   68.562|   83.688|  -33.625|  -63.062|   -0.385|
    2.354|    0.675|   -0.248|    1.131|   18.062|   -4.148|   -2.137|  -33.062|  -61.875|   -0.582|
    2.375|   -0.006|   -0.250|   -0.015|    5.066|   -0.549|   -1.770|   -0.291|   -0.324|    6.230|
    2.396|   -0.004|   -0.050|   -0.019|   -2.990|  -62.438|   -1.525|  -33.531|   -0.121|    7.082|
    2.417|   -0.021|   -0.193|    1.252|   49.812|   -1.343|  -11.414|  -33.531|  -64.375|   -0.593|
    2.438|   -0.019|   -0.314|    0.935|   46.938|  -27.469|   -3.539|  -30.734|  -66.062|   -0.346|
    2.459|   -0.039|   -0.012|   -0.032|   22.094|   -3.234| -156.125|   -0.231|  -68.375|    1.720|
    2.480|   -0.002|    0.034|   -0.025|  -12.875|   -3.113| -168.500|  -19.578|  -71.438|   -0.566|
    2.501|   -0.054|    0.295|    1.145|   -0.305|   -2.930|   -4.820|   -0.648|  -85.438|   55.406|
    2.522|   -0.101|   -0.042|    1.019|   -6.164|   -5.004|  -91.125|   -0.033|  -75.250|  -14.828|
    2.543|   -0.038|    0.301|    0.509|   -4.516|   -4.027|  -26.062|   -3.861|   -0.115|   -0.637|
    2.564|   -0.239|   -0.028|    0.430|   -7.387|   -6.531|   -0.671|   -0.011|  -75.250|   -0.203|
    2.585|   -0.071|    0.508|   -0.034|   -6.836|   83.312|   -3.967|  -10.555|  -72.688|   -0.363|
    2.606|   -0.047|   -0.031|    0.666|   -2.014|   81.375|   -0.732|   -0.561|   -0.297|   -7.941|
    2.627|    0.176|   -0.010|    0.798|   -8.180|   94.312|   -0.183|  -24.906|   -0.445|   -0.736|
    2.648|   -0.039|   -0.014|   -0.030|   20.203|   -2.869|  125.625|  -29.266|   -0.187|   -0.198|
    2.669|    0.505|   -0.190|   -0.054|   18.562|   -1.587|   65.875|  -30.656|   -0.011|    6.008|
    2.690|    0.513|   -0.203|    1.294|   -4.332|   68.125|    2.381|   -0.505|   -0.582|    5.668|
    2.711|    0.396|   -0.110|   -0.015|   -2.809|   38.031|  -24.594|   -0.456|  -58.844|    4.258|
    2.732|   -0.015|    0.052|    1.138|   -6.957|   -6.410|  -58.219|   -0.143|   -0.198|   -0.357|
    2.753|   -0.051|   -0.012|    1.035|   21.422|  -11.477|   -5.492|   -0.412|  -60.188|   -0.071|
    2.774|    0.050|    0.153|    0.936|   -0.061|   -4.699|   -4.457|  -19.141|   -0.665|   -5.000|
    2.795|    0.046|    0.179|   -0.024|   19.469|   -2.746|   -2.809|  -16.344|   -0.555|   -0.593|
    2.816|   -0.059|    0.138|   -0.038|   -4.699|   94.312|   -4.395|  -15.125|   -0.110|   -0.379|
    2.837|   -0.050|    0.261|   -0.057|   -4.516|   54.062|   22.281|  -15.312|  -58.906|   -0.093|
    2.858|    0.016|    0.152|   -0.011|   -4.211|   -6.348|   -2.320|   -0.110|  -57.438|   -0.291|
    2.879|   -0.069|   -0.054|    1.002|   -6.043|   51.875|   -3.113|  -17.625|   -0.302|   -9.398|
    2.900|   -0.095|    0.008|    0.935|   -4.762|   -3.723|  -10.680| -168.250|   -0.214|  156.625|
    2.921|    0.160|    0.002|   -0.010|   -5.859|   -7.629|   -6.285|  -20.906|  -51.781|   -0.214|
    2.942|   -0.056|   -0.030|    1.025|    0.000|   50.719|   47.438|  -23.797|  -47.594|   -0.209|
    2.963|   -0.037|   -0.040|   -0.002|   -3.234|   -3.113|    6.957|  -23.406|  -46.250|   -9.781|
    2.984|   -0.035|   -0.049|   -0.003|    6.531|    3.846|    0.427|   -0.247|   -0.159|   -9.828|
    3.005|   -0.038|   -0.056|   -0.004|   -2.014|   -1.099|   -0.061|  -22.281|   -0.209|   -9.805|
    3.026|   -0.040|   -0.052|   -0.006|    1.587|    0.793|   -0.061|  -22.062|  -43.344|   -9.812|
    3.047|   -0.035|   -0.051|   -0.007|   -0.671|   -0.366|    0.000|   -0.374|  -41.969|   -9.812|
    3.068|   -0.037|   -0.055|   -0.004|   -0.061|   -0.061|    0.000|   -0.022|   -0.319|   -9.812|
    3.089|   -0.037|   -0.053|   -0.006|    0.122|    0.122|    0.000|  -20.750|  -40.250|   -9.812|
    3.110|   -0.036|   -0.055|   -0.006|   -0.122|    0.000|    0.000|  -20.578|   -0.439|   -9.812|
    3.131|   -0.034|   -0.057|   -0.003|   -0.305|   -0.244|    0.000|   -0.643|   -0.055|   -0.472|
    3.152|   -0.031|   -0.057|   -0.009|    0.061|    0.000|    0.061|   -0.066|  -37.781|   -9.812|
    3.173|   -0.031|   -0.060|   -0.004|   -0.427|   -0.366|    0.000|  -19.422|   -0.428|   -9.812|
    3.194|   -0.690|   -0.006|    1.652|   -4.762|  -11.172|   -0.122|   -0.687|   -0.687|   -9.805|
    3.215|   -0.034|   -0.057|   -0.007|    0.366|    0.183|    0.000|   -0.527|   -0.308|   -9.805|
    3.236|   -0.034|   -0.058|   -0.008|   -0.061|   -0.183|    0.061|   -0.060|   -0.599|   -9.805|
    3.257|   -0.036|   -0.054|   -0.007|   -2.809|   -4.945|    5.004|  -18.047|  -33.625|   -9.797|
    3.278|   -0.034|   -0.057|   -0.004|   -0.061|   -0.061|    0.061|  -17.750|   -0.577|   -9.797|
    3.299|   -0.032|   -0.058|   -0.006|   -0.427|   -0.305|    0.061|   -0.593|  -32.219|   -9.797|
    3.320|   -0.032|   -0.057|   -0.008|   -0.061|   -0.122|    0.061|   -0.456|  -31.891|   -9.797|
    3.341|   -0.031|   -0.055|   -0.025|    0.000|   -0.122|    0.000|   -0.038|  -30.891|   -9.797|
    3.362|   -0.030|   -0.069|    1.012|    0.793|   -0.671|    0.000|  -16.625|  -30.250|   -9.789|
    3.384|   -0.033|   -0.050|   -0.028|   -0.305|    0.732|    0.061|  -16.406|   -0.082|   -9.789|
    3.406|   -0.045|   -0.056|   -0.002|   -1.037|   -0.366|    0.061|   -0.511|   -0.538|   -9.797|
    3.427|   -0.045|   -0.056|   -0.002|    0.061|    0.061|    0.061|   -0.379|   -0.225|   -9.789|
    3.448|   -0.041|   -0.046|   -0.004|    2.014|    0.854|    0.000|   -0.022|  -27.453|   -9.789|
    3.469|   -0.033|   -0.050|   -0.005|   -0.183|   -0.305|    0.000|  -15.219|   -0.143|   -9.789|
    3.490|   -0.036|   -0.064|   -0.000|   -0.122|   -0.122|    0.000|  -15.023|  -26.312|   -9.781|
    3.511|   -0.031|   -0.049|   -0.009|    0.977|    0.549|    0.061|   42.219|  -68.500|  107.188|
    3.532|   -0.033|   -0.067|   -0.005|   -1.343|   -0.854|    0.000|   -0.483|  -25.188|   -9.789|
    3.553|   -0.033|   -0.067|   -0.005|   -1.343|   -0.854|    0.000|   -0.483|  -25.188|   -9.789|
    3.574|   -0.032|   -0.053|   -0.015|    0.854|    0.671|    0.061|   -0.170|   -0.494|   -9.781|
    3.595|   -0.036|   -0.053|   -0.008|   -0.427|   -0.427|    0.000|  -13.891|  -23.609|   -9.781|
    3.616|   -0.036|   -0.052|   -0.011|    0.610|    0.427|    0.061|  -13.688|   -0.604|   -9.781|
    3.637|   -0.032|   -0.053|   -0.009|    0.305|    0.244|    0.061|  -13.469|   -0.093|   -9.781|
    3.658|   -0.036|   -0.058|   -0.001|   -0.305|   -0.305|    0.061|   -0.615|  -22.109|   -9.781|
    3.679|   -0.031|   -0.057|   -0.010|   -0.183|   -0.061|    0.061|   -0.330|   -0.308|   -9.773|
    3.700|   -0.031|   -0.055|   -0.011|    0.244|    0.122|    0.061|   -0.231|   -0.077|   -9.773|
    3.721|   -0.033|   -0.060|   -0.007|   -0.305|   -0.305|    0.000|  -12.609|  -20.500|   -9.773|
    3.742|   -0.031|   -0.058|   -0.007|    0.122|    0.122|    0.061|  -12.422|   -0.357|   -9.773|
    3.763|   -0.034|   -0.053|   -0.006|    0.183|    0.061|    0.000|  -12.234|  -19.609|   -9.773|
    3.784|   -0.035|   -0.054|   -0.002|    0.061|    0.061|    0.061|  -11.969|   -0.687|   -9.766|
    3.805|   -0.035|   -0.052|   -0.006|    0.244|    0.183|    0.061|   -0.538|   -0.269|   -9.766|
    3.826|   -0.034|   -0.061|   -0.006|   -0.427|   -0.305|    0.000|   -0.450|   -0.066|   -9.766|
    3.847|   -0.033|   -0.056|   -0.001|    0.183|    0.122|    0.061|   -0.291|  -17.953|   -9.766|
    3.868|   -0.032|   -0.057|   -0.008|   -0.244|   -0.061|    0.000|   -0.148|  -66.938|  107.500|
