2017-10-29 23:11:51
  Time(s)|    ax(g)|    ay(g)|    az(g)|wx(deg/s)|wy(deg/s)|wz(deg/s)|AglX(deg)|AglY(deg)|AglZ(deg)|
    0.021|   -0.013|    0.154|    0.876|   20.016|    1.099|    5.922|    8.633|   -0.401|   -0.478|
    0.042|   -0.005|    0.143|   -0.004|   17.516|    1.404|   -0.427|    9.031|   -0.401|   -0.390|
    0.063|   -0.019|    0.157|   -0.001|   -7.812|    3.051|   -1.587|   -0.406|   -0.352|   -0.417|
    0.084|   -0.022|    0.173|    0.882|    2.441|    3.113|    0.977|   -0.258|   -0.286|   -0.428|
    0.105|   -0.022|    0.167|    0.886|    1.525|    3.418|    1.709|   -0.187|   -0.225|   -0.390|
    0.126|   -0.019|    0.167|    0.904|    0.793|    3.662|    1.465|   -0.137|   -0.159|   -0.346|
    0.147|   -0.020|    0.162|    0.896|   -0.305|    1.037|    0.366|   -0.121|   -0.115|   -0.308|
    0.168|   -0.023|    0.165|    0.881|    0.305|    0.183|   -0.244|   -0.093|   -0.093|   -0.308|
    0.189|   -0.022|    0.165|    0.885|   -1.221|   -0.427|    0.366|   -0.093|   -0.093|   -0.302|
    0.210|   -0.021|    0.167|    0.885|   -3.479|    0.183|    1.587|   -0.121|   -0.093|   -0.291|
    0.231|   -0.021|    0.162|    0.888|   -7.324|   -0.122|    2.502|   -0.231|   -0.099|   -0.242|
    0.252|    0.024|   -0.046|   -0.005|   -8.664|   -0.610|    2.686|   -0.313|   -0.110|   -0.214|
    0.273|   -0.021|    0.150|    0.896|   -8.609|   -1.831|    2.137|   -0.566|   -0.170|   -0.154|
    0.294|   -0.021|    0.154|    0.889|   -7.020|   -1.648|    1.770|    9.070|   -0.225|   -0.110|
    0.315|   -0.019|    0.152|    0.890|   -6.652|   -1.404|    2.014|    9.008|   -0.242|   -0.088|
    0.336|   -0.020|    0.155|    0.890|   -5.738|   -1.160|    1.709|    8.906|   -0.269|   -0.060|
    0.357|   -0.014|    0.146|    0.892|   -3.113|   -1.281|    0.732|    8.836|   -0.297|   -0.038|
    0.378|   -0.016|    0.146|    0.894|   -1.831|   -1.037|    0.244|    8.812|   -0.313|   -0.033|
    0.399|   -0.020|    0.143|    0.886|   -1.465|   -0.427|   -1.099|    8.789|   -0.346|   -0.044|
    0.420|   -0.018|    0.147|    0.890|    0.061|    0.000|    0.000|    8.742|   -0.352|   -0.060|
    0.441|   -0.017|    0.147|    0.886|   -1.648|   -0.549|   -0.610|    8.734|   -0.357|   -0.071|
    0.462|   -0.015|    0.145|    0.885|   -1.404|   -0.244|   -0.427|    8.719|   -0.363|   -0.082|
    0.483|   -0.017|    0.146|    0.889|   -3.967|   -0.732|   -1.160|    8.648|   -0.379|   -0.121|
    0.504|   -0.014|    0.143|    0.887|   -6.164|   -0.366|   -0.183|    8.547|   -0.385|   -0.126|
    0.525|   -0.014|    0.143|    0.887|   -6.164|   -0.366|   -0.183|    8.547|   -0.385|   -0.126|
    0.546|   -0.013|    0.138|    0.891|   -8.180|   -0.671|   -0.549|   -0.033|   -0.396|   -0.137|
    0.567|   -0.013|    0.136|    0.890|   -7.875|   -1.099|   -1.587|   -0.275|   -0.428|   -0.170|
    0.588|   -0.015|    0.134|    0.885|   -8.789|   -1.037|   -2.930|   -0.428|   -0.445|   -0.231|
    0.609|    0.025|   -0.049|   -0.006|   -9.523|   -1.587|   -3.662|    7.707|   -0.478|   -0.335|
    0.630|   -0.015|   -0.006|    0.896|   -7.691|   -0.977|   -2.562|    7.469|   -0.500|   -0.439|
    0.651|   -0.011|   -0.006|    0.895|   -6.898|   -1.221|   -3.234|    7.328|   -0.517|   -0.494|
    0.672|   -0.016|   -0.007|    0.890|   -6.469|   -1.221|   -4.211|    7.207|   -0.533|   -0.582|
    0.693|   -0.013|   -0.010|    0.893|   -8.422|   -0.916|   -3.723|    7.059|   -0.544|   -0.665|
    0.714|   -0.019|   -0.025|    0.897|   -1.525|   -1.465|   -7.078|   -2.713|   -1.356|    0.011|
    0.736|   -0.015|   -0.019|    0.915|   -0.244|   -0.854|   -4.578|   -0.346|   -0.571|   -2.246|
    0.756|   -0.016|   -0.023|    0.901|   -0.244|   -0.854|   -4.578|   -0.505|   -0.571|   -2.291|
    0.778|   -0.014|   -0.026|    0.896|   -5.617|   -0.427|   -3.967|    6.258|   -0.571|   -2.434|
    0.799|   -0.015|   -0.029|    0.895|    0.000|    0.000|    0.061|    6.129|   -0.571|   -2.533|
    0.820|   -0.017|   -0.025|    0.891|   -8.664|   -0.854|   -6.531|    5.965|   -0.571|   -2.664|
    0.841|   -0.010|   -0.031|    0.885|   -9.398|   -0.488|   -3.906|    5.664|   -0.577|   -2.807|
    0.862|    0.022|   -0.049|   -0.006|   -7.508|   -0.427|   -4.090|   -0.033|   -0.577|   -0.038|
    0.883|   -0.013|   -0.042|    0.906|  -12.758|   -0.366|   -4.332|   -0.258|   -0.577|   -0.126|
    0.904|   -0.014|   -0.045|    0.899|   -9.398|   -0.244|   -3.723|   -0.357|   -0.577|   -0.165|
    0.925|   -0.014|   -0.046|    0.894|   -7.750|   -0.488|   -5.188|   -0.511|   -0.582|   -0.258|
    0.946|   -0.015|   -0.057|    0.895|   -9.523|   -0.305|   -4.820|   -0.610|   -0.577|   -0.308|
    0.967|   -0.016|   -0.050|    0.899|   -9.523|   -0.488|   -4.211|    4.816|   -0.577|   -0.390|
    0.988|   -0.014|   -0.050|    0.904|   -6.715|   -0.183|   -2.197|    4.574|   -0.571|   -0.478|
    1.009|   -0.011|   -0.061|    0.893|   -6.652|   -0.366|   -1.343|    4.484|   -0.577|   -0.522|
    1.030|   -0.010|   -0.061|    0.896|   -5.125|   -0.305|   -2.441|    4.277|   -0.582|   -0.593|
    1.051|   -0.010|    0.062|    0.895|   -4.395|   -0.061|   -2.686|   -0.093|   -0.582|   -0.670|
    1.072|   -0.015|   -0.052|    0.886|   -5.066|   -0.305|   -3.234|   -0.187|   -0.582|   -3.537|
    1.093|   -0.013|    0.051|    0.912|   -0.061|    0.061|    0.000|   -0.324|   -0.588|   -3.604|
    1.114|   -0.012|    0.058|    0.899|   -6.410|   -0.244|   -2.441|   -0.500|   -0.588|   -3.652|
    1.135|   -0.016|    0.057|    0.897|   -3.174|   -0.183|   -2.625|   -0.621|   -0.593|   -3.697|
    1.156|   -0.012|    0.057|    0.897|   -3.174|   -0.183|   -2.625|   -0.648|   -0.593|   -3.725|
    1.177|   -0.011|    0.054|    0.894|   -3.174|   -0.122|   -1.221|    3.504|   -0.593|   -3.758|
    1.198|   -0.011|    0.053|    0.898|   -3.967|    0.000|   -0.793|    3.428|   -0.599|   -3.773|
    1.219|   -0.012|    0.042|    0.903|   -9.094|    0.122|   -0.305|    3.203|   -0.599|   -3.785|
    1.240|   -0.012|    0.042|    0.903|   -9.094|    0.122|   -0.305|    3.203|   -0.599|   -3.785|
    1.261|    0.021|   -0.047|   -0.005|   -5.492|    0.427|   -0.610|    3.143|   -0.593|   -3.791|
    1.282|   -0.008|    0.038|    0.904|   -6.469|   -0.305|   -1.709|    2.977|   -0.599|   -3.834|
    1.303|   -0.012|    0.040|    0.897|   -2.197|    0.061|   -0.244|   -2.719|   -1.352|    0.011|
    1.324|   -0.016|    0.049|    0.889|   -2.014|    0.061|   -0.244|   -0.005|   -0.593|   -3.906|
    1.345|   -0.013|    0.044|    0.889|   -4.699|    0.000|   -0.183|   -0.066|   -0.593|   -3.906|
    1.366|   -0.003|    0.027|    0.900|   -3.234|   -0.916|   -2.014|   -0.319|   -0.621|   -3.934|
    1.387|   -0.012|    0.036|    0.899|    0.000|   -0.061|    0.000|   -0.357|   -0.637|   -3.955|
    1.408|   -0.012|    0.036|    0.899|    0.000|   -0.061|    0.000|   -0.357|   -0.637|   -3.955|
    1.429|    0.024|   -0.047|   -0.006|   -4.883|   -1.221|   -2.502|   -0.467|   -0.654|   -4.070|
    1.450|   -0.012|    0.035|    0.897|   -2.990|   -0.610|   -0.793|   -0.544|   -0.670|   -4.086|
    1.471|   -0.014|    0.034|    0.896|   -4.762|   -1.160|   -2.809|   -0.681|   -0.703|   -4.133|
    1.492|   -0.009|    0.024|    0.903|   -5.188|   -1.281|   -4.457|    2.082|    0.692|   -4.176|
    1.513|    0.022|   -0.046|   -0.008|   -5.676|   -1.404|   -3.479|    2.016|    0.676|   -4.215|
    1.534|    0.023|   -0.046|   -0.005|   -3.051|   -0.671|   -0.977|    1.912|    0.659|   -0.060|
    1.555|   -0.010|    0.023|    0.899|   -5.492|   -1.343|   -2.320|    1.736|    0.615|   -0.159|
    1.576|   -0.007|    0.021|    0.896|   -3.846|   -0.977|   -0.610|    1.643|    0.593|   -0.181|
    1.597|   -0.008|    0.019|    0.902|   -4.273|   -1.099|   -0.244|    1.516|    0.561|   -0.192|
    1.618|   -0.005|    0.016|    0.902|   -3.539|   -0.916|   -0.122|    1.428|    0.538|   -0.198|
    1.639|   -0.006|    0.016|    0.899|   -2.562|   -0.732|   -0.061|   -0.005|    0.527|   -0.198|
    1.660|   -0.006|    0.019|    0.898|   -1.893|   -0.549|   -0.122|   -2.719|   -1.352|    0.011|
    1.681|   -0.002|    0.010|    0.901|   -2.502|   -1.099|   -3.418|   -0.066|    0.505|   -0.203|
    1.702|   -0.007|    0.017|    0.900|   -1.831|   -0.671|   -0.244|   -0.209|    0.450|   -0.319|
    1.724|   -0.005|    0.015|    0.900|    0.000|    0.000|    0.061|   -0.275|    0.417|   -0.335|
    1.745|    0.023|   -0.046|   -0.004|    0.000|    0.000|    0.061|   -0.319|    0.412|   -0.439|
    1.766|    0.018|    0.021|    0.896|   -3.113|   -0.977|   -2.258|   -0.352|    0.401|   -0.461|
    1.787|   -0.022|    0.005|    0.901|   -2.562|   -0.793|   -2.137|   -0.374|    0.374|   -0.483|
    1.808|   -0.022|    0.005|    0.901|   -2.562|   -0.793|   -2.137|   -0.374|    0.374|   -0.483|
    1.829|    0.022|   -0.047|   -0.007|   -2.320|   -0.732|   -4.762|   -0.423|    0.385|   -0.599|
    1.850|    0.021|   -0.045|   -0.009|   -2.930|   -0.916|   -1.221|   -0.483|    0.346|   -0.626|
    1.871|   -0.006|    0.008|    0.897|   -2.930|   -0.916|   -4.395|   -0.577|    0.330|   -5.031|
    1.892|    0.017|    0.019|    0.901|   -0.793|   -0.305|   -4.457|   -0.648|    0.319|   -5.086|
    1.913|   -0.014|   -0.003|    0.897|   -0.671|   -0.183|   -7.508|    0.643|    0.291|   -5.547|
    1.934|   -0.004|    0.002|    0.900|    1.648|    0.488|   -1.281|    0.665|    0.302|   -5.594|
    1.955|   -0.003|    0.009|    0.901|    1.221|    0.427|   -0.183|    0.687|    0.308|   -5.609|
    1.976|   -0.005|    0.007|    0.899|    0.916|    0.305|   -0.061|   -0.703|    0.313|   -5.613|
    1.997|   -0.004|    0.008|    0.899|    0.000|    0.000|    0.061|   -0.687|    0.319|   -5.613|
    2.018|   -0.004|    0.007|    0.901|    0.488|    0.183|    0.000|   -0.670|    0.324|   -5.613|
    2.039|   -0.004|    0.007|    0.900|    0.061|    0.061|   -0.061|   -0.670|    0.330|   -5.613|
    2.060|   -0.004|    0.007|    0.900|    0.244|    0.061|   -0.061|   -0.670|    0.330|   -5.613|
    2.081|   -0.003|    0.008|    0.898|    0.244|    0.061|    0.000|   -0.670|    0.324|   -5.613|
    2.103|   -0.004|    0.008|    0.902|   -0.183|   -0.061|    0.000|   -0.676|    0.324|   -5.613|
    2.124|   -0.004|    0.008|    0.897|   -0.244|    0.000|    0.000|   -0.687|    0.324|   -5.613|
    2.145|   -0.003|    0.010|    0.899|   -0.061|   -0.061|    0.000|   -0.692|    0.319|   -5.613|
    2.166|   -0.004|    0.010|    0.899|    0.061|    0.061|    0.000|   -0.698|    0.319|   -5.613|
    2.187|   -0.004|    0.009|    0.901|    0.061|    0.061|   -0.061|   -0.698|    0.319|   -5.613|
    2.208|   -0.003|    0.011|    0.896|    0.122|    0.061|    0.000|   -0.698|    0.324|   -5.613|
    2.229|   -0.005|    0.010|    0.899|   -0.122|    0.000|    0.000|   -2.713|   -1.352|    0.011|
    2.250|   -0.004|    0.008|    0.900|    0.000|    0.000|    0.000|    0.698|    0.319|   -5.613|
    2.271|   -0.003|    0.008|    0.898|   -0.488|   -0.183|   -0.061|    0.687|    0.319|   -5.613|
    2.292|   -0.004|    0.010|    0.901|   -0.183|    0.000|   -0.061|    0.676|    0.313|   -5.621|
    2.313|   -0.005|    0.008|    0.898|   -0.122|    0.000|   -0.061|    0.670|    0.313|   -5.621|
    2.334|   -0.005|    0.009|    0.898|   -0.366|   -0.061|   -0.061|    0.665|    0.313|   -5.621|
    2.355|   -0.007|    0.007|    0.899|   -0.061|    0.000|    0.000|    0.654|    0.313|   -5.621|
    2.376|   -0.004|    0.009|    0.902|   -0.183|    0.000|   -0.061|    0.648|    0.313|   -5.621|
    2.397|    0.022|   -0.047|   -0.008|   -0.305|   -0.061|    0.000|   -2.713|   -1.346|    0.011|
    2.418|   -0.004|    0.008|    0.900|   -0.183|    0.000|    0.000|    0.637|    0.308|   -5.621|
    2.439|   -0.004|    0.008|    0.900|   -0.122|    0.000|    0.000|    0.637|    0.308|   -5.621|
    2.460|   -0.004|    0.009|    0.899|   -0.061|    0.061|    0.000|    0.632|    0.308|   -5.621|
    2.481|   -0.004|    0.006|    0.900|   -0.061|    0.061|    0.000|    0.632|    0.308|   -5.621|
    2.502|   -0.005|    0.009|    0.899|   -0.061|    0.061|    0.000|    0.626|    0.308|   -5.621|
    2.523|   -0.004|    0.009|    0.901|    0.000|    0.000|    0.000|   -2.719|   -1.352|    0.011|
    2.544|   -0.003|    0.007|    0.899|   -0.183|    0.000|   -0.061|    0.610|    0.308|   -5.625|
    2.565|   -0.005|    0.008|    0.900|   -0.244|   -0.061|   -0.061|    0.604|    0.302|   -5.625|
    2.586|   -0.004|    0.007|    0.900|   -0.549|   -0.122|    0.000|   -2.725|   -1.346|    0.011|
    2.607|   -0.002|    0.008|    0.900|   -0.671|   -0.183|   -0.061|    0.588|    0.297|   -5.625|
    2.628|   -0.004|    0.007|    0.898|   -0.732|   -0.183|   -0.061|    0.582|    0.297|   -5.625|
    2.649|   -0.003|    0.008|    0.898|   -0.427|   -0.122|    0.000|   -2.725|   -1.346|    0.011|
    2.670|   -0.005|    0.007|    0.902|   -0.122|    0.061|    0.000|    0.555|    0.286|   -0.005|
    2.691|   -0.005|    0.007|    0.900|   -0.305|   -0.061|   -0.061|    0.549|    0.286|   -0.005|
    2.712|   -0.002|    0.006|    0.901|   -0.427|   -0.122|   -0.061|    0.538|    0.286|   -0.005|
    2.733|   -0.004|    0.005|    0.900|   -0.305|   -0.061|    0.000|    0.533|    0.280|   -0.005|
    2.754|   -0.004|    0.009|    0.899|    0.061|    0.000|   -0.061|    0.522|    0.280|   -0.005|
    2.775|   -0.004|    0.008|    0.899|    0.183|    0.061|    0.000|    0.527|    0.280|   -0.005|
    2.796|   -0.004|    0.008|    0.899|   -0.061|    0.061|    0.000|    0.527|    0.280|   -0.005|
    2.817|   -0.004|    0.009|    0.900|    0.000|    0.061|    0.000|    0.527|    0.280|   -0.005|
    2.838|   -0.005|    0.007|    0.900|    0.000|   -0.061|    0.000|   -2.730|   -1.352|    0.011|
    2.859|   -0.005|    0.009|    0.899|    0.427|    0.183|   -0.061|    0.533|    0.286|   -0.011|
    2.880|   -0.002|    0.007|    0.900|    0.977|    0.305|    0.000|    0.549|    0.291|   -0.011|
    2.901|   -0.005|    0.012|    0.901|    1.953|    0.610|    0.000|    0.561|    0.291|   -0.011|
    2.922|   -0.008|    0.005|    0.900|    1.099|    0.427|    0.000|    0.582|    0.302|   -0.011|
    2.943|   -0.004|    0.013|    0.897|    0.488|    0.183|    4.820|    0.610|    0.330|   -5.625|
    2.964|    0.001|    0.009|    0.898|    1.099|    0.427|    2.320|    0.637|    0.319|   -5.445|
    2.985|   -0.006|    0.010|    0.899|    1.465|    0.488|    0.916|    0.665|    0.330|   -5.422|
    3.006|    0.012|    0.008|    0.899|    0.061|    0.122|    7.691|   -0.703|    0.357|   -5.359|
    3.027|   -0.002|    0.014|    0.897|    1.281|    0.427|    4.395|   -0.687|    0.357|   -5.242|
    3.048|   -0.007|    0.011|    0.899|    0.549|    0.244|    5.922|   -0.676|    0.352|   -5.121|
    3.069|    0.001|    0.015|    0.899|    0.793|    0.366|    3.051|   -0.654|    0.363|   -5.059|
    3.090|    0.001|    0.015|    0.899|    0.793|    0.366|    3.051|   -0.654|    0.363|   -5.059|
    3.111|   -0.005|    0.014|    0.901|    0.916|    0.366|    2.074|   -0.632|    0.374|   -4.961|
    3.132|   -0.003|    0.013|    0.897|   -0.061|    0.061|    3.602|   -0.632|    0.368|   -0.670|
    3.153|   -0.004|    0.013|    0.900|    0.183|    0.122|    0.793|   -0.615|    0.374|   -0.637|
    3.174|   -0.006|    0.012|    0.899|    0.244|    0.122|    0.610|   -0.615|    0.374|   -0.610|
    3.195|   -0.012|    0.015|    0.899|   -0.061|    0.061|    1.404|   -0.610|    0.379|   -0.588|
    3.216|   -0.002|    0.016|    0.899|    0.183|    0.122|    1.770|   -0.610|    0.374|   -0.544|
    3.237|    0.003|    0.011|    0.898|   -0.366|   -0.061|    2.502|   -0.615|    0.368|   -0.494|
    3.258|   -0.003|    0.013|    0.899|    0.366|    0.183|    0.427|   -0.610|    0.368|   -0.483|
    3.279|   -0.003|    0.013|    0.899|    0.366|    0.183|    0.427|   -0.610|    0.368|   -0.483|
    3.300|   -0.002|    0.014|    0.898|    0.305|    0.183|    1.831|   -0.615|    0.368|   -0.412|
    3.321|   -0.016|    0.012|    0.897|    0.366|    0.122|    0.671|   -0.604|    0.368|   -0.390|
    3.342|    0.003|    0.014|    0.899|   -0.122|    0.061|    1.893|   -0.604|    0.379|   -0.368|
    3.363|   -0.002|    0.013|    0.894|    0.061|    0.061|    0.793|   -0.610|    0.374|   -0.308|
    3.384|   -0.006|    0.014|    0.900|    0.122|    0.061|    0.671|   -0.610|    0.368|   -0.286|
    3.405|   -0.025|    0.009|    0.901|    0.427|    0.183|    0.122|   -0.599|    0.374|   -0.280|
    3.426|    0.004|    0.012|    0.896|   -1.404|   -0.244|    7.445|   -0.610|    0.379|   -0.198|
    3.447|    0.023|   -0.048|   -0.004|    0.671|    0.183|    1.953|   -0.610|    0.374|   -0.121|
    3.468|    0.002|    0.010|    0.899|   -0.610|    0.000|    7.078|   -0.621|    0.374|   -0.011|
    3.489|   -0.003|    0.012|    0.898|    0.366|    0.183|    2.809|   -0.615|    0.368|   -4.152|
    3.510|   -0.005|    0.013|    0.898|    0.549|    0.244|    1.893|   -0.604|    0.374|   -4.074|
    3.532|   -0.009|    0.012|    0.899|    0.916|    0.366|    0.732|   -0.593|    0.379|   -4.070|
    3.553|   -0.027|    0.010|    0.901|    0.305|    0.183|    2.502|   -0.593|    0.390|   -4.043|
    3.574|   -0.011|    0.008|    0.901|    0.000|   -0.061|    0.061|   -2.730|   -1.346|    0.011|
    3.595|   -0.005|    0.014|    0.900|    0.000|    0.122|    5.922|   -0.626|    0.379|   -3.549|
    3.616|   -0.003|    0.012|    0.899|    0.427|    0.183|    2.258|   -0.626|    0.374|   -0.687|
    3.637|   -0.009|    0.010|    0.901|    0.244|    0.122|    2.320|   -0.621|    0.379|   -0.654|
    3.658|    0.006|    0.022|    0.899|   -2.502|   -0.549|   -5.066|   -0.626|    0.385|   -0.582|
    3.679|   -0.007|    0.012|    0.899|    0.916|    0.366|    1.770|   -0.648|    0.368|   -0.417|
    3.700|    0.001|    0.010|    0.898|   -2.197|   -0.366|   -3.051|   -0.659|    0.374|   -0.280|
    3.721|    0.005|    0.021|    0.897|   -0.916|   -0.183|   -6.652|   -0.681|    0.368|   -0.154|
    3.742|   -0.002|    0.014|    0.900|   -0.061|    0.000|    0.122|   -0.681|    0.357|   -0.066|
    3.763|    0.022|   -0.047|   -0.003|    0.977|    0.305|    1.221|   -0.659|    0.357|   -0.022|
    3.784|   -0.004|    0.013|    0.897|    0.427|    0.122|    1.099|   -0.648|    0.363|   -2.785|
    3.805|   -0.006|    0.011|    0.904|    0.244|    0.122|    0.122|   -0.643|    0.363|   -2.779|
    3.826|   -0.005|    0.013|    0.900|    0.183|    0.061|    0.061|   -0.637|    0.363|   -2.779|
    3.847|   -0.003|    0.013|    0.900|    0.000|    0.000|    0.000|   -0.632|    0.363|   -2.779|
    3.868|   -0.006|    0.013|    0.899|   -0.183|    0.000|    0.000|   -0.637|    0.363|   -2.779|
    3.889|   -0.006|    0.011|    0.898|   -0.183|    0.000|    0.000|   -0.637|    0.363|   -2.779|
    3.910|   -0.005|    0.013|    0.898|   -0.122|    0.000|    0.000|   -0.643|    0.363|   -2.779|
    3.931|   -0.005|    0.011|    0.899|   -0.061|    0.061|    0.000|   -0.643|    0.363|   -2.779|
    3.952|   -0.007|    0.013|    0.899|    0.000|   -0.061|    0.000|   -0.648|    0.363|   -2.779|
    3.973|   -0.006|    0.013|    0.900|   -0.061|    0.000|    0.000|   -0.654|    0.363|   -2.779|
    3.994|   -0.006|    0.013|    0.900|   -0.122|    0.000|    0.000|   -0.654|    0.363|   -2.779|
    4.015|   -0.005|    0.011|    0.898|   -0.122|    0.000|   -0.061|   -0.654|    0.363|   -2.779|
    4.036|   -0.004|    0.013|    0.898|   -0.244|   -0.061|   -0.061|   -0.659|    0.363|   -2.779|
    4.057|   -0.005|    0.012|    0.899|   -0.427|   -0.061|   -0.061|   -0.665|    0.357|   -2.779|
    4.078|   -0.006|    0.014|    0.900|   -0.488|   -0.061|    0.000|   -0.676|    0.357|   -2.779|
    4.099|   -0.005|    0.011|    0.899|   -0.366|    0.000|    0.000|   -0.681|    0.357|   -2.779|
    4.120|   -0.006|    0.014|    0.898|   -0.366|   -0.061|    0.000|   -0.687|    0.357|   -2.779|
    4.141|    0.024|   -0.046|   -0.005|   -0.427|   -0.122|    0.000|   -0.698|    0.352|   -2.779|
    4.162|   -0.006|    0.010|    0.902|   -0.671|   -0.122|    0.000|    0.698|    0.346|   -2.779|
    4.183|   -0.006|    0.010|    0.897|    0.000|    0.000|    0.061|    0.681|    0.341|   -2.785|
    4.204|    0.024|   -0.049|   -0.005|   -0.610|   -0.122|    0.000|   -2.719|   -1.352|    0.011|
    4.225|   -0.004|    0.011|    0.902|   -0.732|   -0.122|    0.000|    0.654|    0.335|   -2.785|
    4.246|   -0.003|    0.009|    0.898|   -0.488|   -0.122|   -0.061|   -2.719|   -1.352|    0.011|
    4.267|   -0.005|    0.012|    0.901|   -0.061|    0.000|    0.000|   -2.719|   -1.352|    0.011|
    4.288|   -0.004|    0.009|    0.900|    0.061|    0.000|    0.000|    0.632|    0.330|   -2.785|
    4.309|   -0.005|    0.012|    0.902|    0.549|    0.183|   -0.061|    0.637|    0.330|   -2.785|
    4.330|   -0.004|    0.009|    0.899|    0.916|    0.244|   -0.061|    0.659|    0.335|   -2.785|
    4.351|   -0.000|    0.013|    0.901|    2.502|    0.610|    0.061|    0.698|    0.368|   -2.785|
    4.372|   -0.000|    0.013|    0.901|    2.502|    0.610|    0.061|    0.698|    0.368|   -2.785|
    4.393|    0.011|    0.000|    0.908|    7.445|    1.831|    5.066|   -0.561|    0.401|   -2.664|
    4.414|    0.023|   -0.046|   -0.004|   -6.836|    2.562|    5.797|   -0.478|    0.412|   -2.609|
    4.435|    0.021|   -0.048|   -0.007|   17.391|    1.037|    1.404|   -0.192|    0.445|   -2.564|
    4.456|   -0.005|    0.060|    0.927|   -3.297|   -1.099|    0.488|   -2.719|   -1.346|    0.011|
    4.477|   -0.010|   -0.021|   -0.045|   -3.662|   -3.297|   -5.309|   -0.313|    0.423|   -2.543|
    4.498|   -0.004|    0.147|    0.920|   -2.074|   -4.395|   -7.812|   -0.115|    0.313|   -2.736|
    4.519|   -0.012|    0.178|   -0.034|   -1.160|   -5.797|  -12.820|   10.500|    0.165|   -0.264|
    4.540|    0.022|   -0.046|   -0.005|   -0.061|   -0.061|    0.000|   13.125|    0.253|   -0.571|
    4.561|   -0.010|   -0.058|    0.878|   -4.699|   -5.125|   -0.366|   15.836|    0.467|   -3.664|
    4.582|   -0.005|   -0.046|    0.892|  126.062|   -5.980|  -13.000|   17.219|    0.610|   -3.791|
    4.603|   -0.002|   -0.018|   -0.004|   99.000|   -0.732|   -8.914|   -2.719|   -1.340|    0.011|
    4.624|   -0.057|    0.401|   -0.000|  116.062|   -2.441|  -14.102|   21.641|   -0.588|   -4.160|
    4.645|    0.003|   -0.038|   -0.042|  175.625|   32.281|   -2.746|   -0.538|   -0.011|   -0.423|
    4.666|    0.029|    0.435|   -0.042|  115.562|   34.438|   -3.602|   -0.143|    1.812|   -0.582|
    4.687|   -0.017|    0.420|   -0.044|   47.656|   -5.980|   -2.502|   -0.374|   -0.577|   -4.949|
    4.708|   -0.053|    0.508|   -0.001|   48.938|   -0.977|  -10.742|   -2.719|   -1.346|    0.011|
    4.729|   -0.057|    0.537|    0.763|   37.281|   -2.869|  -13.852|   -0.615|   -0.247|   -5.312|
    4.750|    0.024|   -0.048|   -0.005|   18.984|  -11.414|   -4.820|   32.500|   -0.275|   -5.598|
    4.771|    0.024|   -0.048|   -0.005|   18.984|  -11.414|   -4.820|   32.500|   -0.275|   -5.598|
    4.792|   -0.046|    0.545|    0.777|   -2.562|  -15.500|    0.977|   32.469|   -0.665|   -0.258|
    4.813|   -0.056|    0.538|    0.771|    0.000|    0.061|    0.061|   -2.719|   -1.346|    0.011|
    4.834|   -0.053|    0.536|    0.797|   -3.174|   -1.770|   -7.691|   -0.363|    2.916|   -0.401|
    4.855|   -0.022|    0.513|   -0.046| -119.938|  -28.312|   -5.434|   28.188|    2.094|   -0.527|
    4.876|   -0.050|   -0.040|    0.924| -213.500|  -27.281|   -2.809|   25.422|    1.538|   -0.527|
    4.898|   -0.018|    0.381|   -0.024| -279.750|  -45.281|   53.031|   -0.236|    0.681|   -0.143|
    4.918|   -0.005|    0.137|    0.915|   -2.258|  -74.250|   70.188|   -0.566|   -0.654|   -5.039|
    4.940|    0.031|    0.043|   -0.024| -341.250|  -86.688|   -2.381|   -0.494|   -2.504|   -3.977|
    4.961|   -0.041|   -0.011|   -0.050| -228.125|  -90.062|   64.312|   -0.527|   -0.445|   -2.791|
    4.982|    0.137|   -0.110|   -0.033| -202.125|  -73.938|   -6.773|   -0.099|   -0.093|   -0.978|
    5.003|    0.137|   -0.110|   -0.033| -202.125|  -73.938|   -6.773|   -0.099|   -0.093|   -0.978|
    5.024|    0.163|   -0.231|   -0.011| -185.125|   -0.244|   -7.629|   -0.599|   -0.555|    0.588|
    5.045|    0.184|   -0.056|   -0.041|   -7.570|  -29.844|   18.734|  -14.828|   -0.291|    1.593|
    5.066|    0.184|   -0.313|   -0.033|   -7.387|   -2.441|    7.387|  -16.828|  -10.719|    1.967|
    5.088|   -0.060|   -0.338|   -0.039|   -7.629|  -41.250|    0.793|   -0.357|   -0.198|   -0.571|
    5.109|   -0.022|   -0.002|   -0.003|  -92.938|   -7.750|   -2.502|  -20.625|  -12.445|   -0.258|
    5.130|   -0.006|   -0.046|    0.761|  -59.562|   -6.043|   -8.242|   -0.643|  -13.891|    2.928|
    5.151|    0.278|   -0.032|    0.768|   -0.610|   -6.348|   -2.562|  -23.734|   -0.461|    2.834|
    5.172|    0.254|   -0.360|   -0.056|   47.438|   -0.854|  -29.359|   -0.637|  -14.945|   -0.406|
    5.193|   -0.015|   -0.339|   -0.048|   -7.812|   -0.916|   -6.285|   -0.291|  -15.039|    1.609|
    5.214|   -0.014|   -0.053|    0.639|   -0.244|   33.875|  -30.703|  -19.453|  -14.922|   -0.626|
    5.235|   -0.021|   -0.033|    0.628|   -6.594|   51.688|  -28.203|   -0.049|   -0.681|    0.363|
    5.256|    0.179|   -0.048|    0.797|   -0.061|    0.000|    0.061|   -2.719|   -1.340|    0.011|
    5.277|    0.151|   -0.050|   -0.035|  313.000|   -2.869|  -56.938|   -6.520|  -10.742|   -2.740|
    5.298|   -0.029|   -0.052|    0.937|   -5.980|   -2.137|   -1.709|    0.192|   -0.412|   -0.198|
    5.319|    0.056|   -0.054|    0.931|   -2.381|   64.938|   -5.371|    7.180|   -0.269|   -0.665|
    5.340|    0.043|    0.306|   -0.021|   -5.309|   -5.676|   -2.014|   14.555|   -0.143|   -8.281|
    5.361|    0.023|   -0.047|   -0.013|   -7.141|   53.656|   -7.750|   -0.143|   -4.066|   -0.159|
    5.382|    0.038|    0.426|   -0.012|  234.625|   -1.587|   -0.366|   25.938|   -2.752|   -0.027|
    5.403|    0.009|    0.524|   -0.042|  254.250|   20.562|  -86.125|   31.031|   -0.198|  -12.578|
    5.424|    0.041|    0.644|    0.793|  203.625|   33.438|  -72.938|   35.625|   -0.264|  -13.570|
    5.445|    0.045|   -0.019|   -0.017|   84.000|   -4.395|  -29.906|   -0.352|    0.593|   -0.352|
    5.466|    0.023|   -0.005|    0.647|   -5.188|    6.715|   -4.699|   -0.423|   -0.692|   -0.511|
    5.487|    0.016|   -0.055|    0.798|   21.734|   -6.836|   -5.250|   41.031|   -0.478|  -13.883|
    5.508|    0.024|   -0.050|   -0.007|    0.000|    0.000|    0.000|   -0.214|   -0.522|  -12.648|
    5.529|   -0.054|    0.780|    0.908|   -0.977|  -56.938|   -4.211|   38.594|   -0.253|   -0.467|
    5.550|   -0.055|    0.671|    1.033| -309.750|   -2.746|  112.812|   34.250|   -2.400|  -11.023|
    5.571|   -0.038|   -0.060|    1.031|   -5.617| -150.625|   -3.602|   -0.643|   -5.391|   -0.346|
    5.592|   -0.021|   -0.056|    0.805|   -1.525| -202.875|   -0.488|   -0.104|   -9.336|   -0.599|
    5.613|   -0.023|    0.131|   -0.001|    0.000|    0.061|    0.061|    6.270|  -13.969|   -0.066|
    5.634|    0.167|   -0.056|    0.663|    0.061|   -0.122|    0.000|   -5.277|   -0.016|   -0.489|
    5.655|   -0.017|   -0.093|    0.548|   -2.137|   -4.395|   -7.750|  -10.820|  -20.594|   -0.621|
    5.676|   -0.053|   -0.337|    0.409|   -6.227|   -0.183|   82.375|  -26.312|  -26.688|   -0.231|
    5.697|   -0.046|   -0.045|    0.395| -338.250|   -4.273|   -1.893|   -0.225|  -28.875|    5.723|
    5.718|   -0.018|   -0.033|   -0.048| -182.875|  -87.188|   -0.183|   -2.740|   -1.324|    0.011|
    5.739|    0.511|   -0.033|   -0.359|    0.061|    0.000|    0.061|   -2.740|   -1.324|    0.011|
    5.760|    0.421|   -0.852|   -0.103|    0.061|   -0.061|    0.061|   -2.740|   -1.324|    0.011|
    5.781|    0.406|   -0.843|   -0.002|   -0.732|  190.750|   -3.297|   -0.286|   -0.483|    3.125|
    5.802|   -0.042|   -0.750|   -0.001|   -2.137|  172.500| -102.125|  -28.109|  -24.891|   -0.665|
    5.823|   -0.057|   -0.003|   -0.041|   -0.671|   -4.699| -123.688|   -0.044|   -0.505|   -0.115|
    5.844|    0.293|   -0.058|   -0.034|   -6.531|  116.938| -123.125|   -0.676|   -0.544|   -7.773|
    5.865|    0.163|   -0.037|   -0.015|   -3.297|   99.250|  -91.562|   -0.324|   -0.242|  -10.820|
    5.886|    0.022|   -0.010|   -0.009|  128.750|   -6.957|  -72.188|   -7.773|  -18.156|   -0.242|
    5.907|   -0.070|   -0.057|   -0.012|   -5.797|   -3.967|   -0.244|   -0.275|  -16.703|  -13.859|
    5.928|   -0.061|   -0.006|    1.055|  115.250|   -1.648|   37.219|   -0.302|   -0.181|  -13.445|
    5.949|    0.017|    0.278|    0.803|   48.719|   -6.531|   -3.174|   -0.665|   -0.428|  -11.062|
    5.970|   -0.059|    0.150|   -0.001|   21.672|   -3.602|   97.250|   -0.517|   -0.346|   -0.214|
    5.991|    0.042|   -0.057|   -0.007|   20.562|    4.641|  109.625|    0.632|   -0.209|   -6.719|
    6.012|   -0.009|   -0.232|   -0.047|   32.906|    0.122|  100.438|    0.544|   -0.231|   -0.055|
    6.033|   -0.017|   -0.841|   -0.012|   66.812|    5.492|   -3.297|    0.610|   -0.456|   -0.610|
    6.054|    0.559|   -0.057|    1.012|   -6.594|   17.766|   17.766|    1.423|   -0.209|   -2.812|
    6.075|   -0.242|    0.023|   -0.062|   -7.629|   -2.197|   -0.061|   -0.681|  -14.000|   -3.873|
    6.096|   -0.000|   -0.609|    0.755|   94.750|   -4.332| -134.375|    5.730|   -0.121|   -0.659|
    6.117|   -0.023|   -0.051|    0.681|  129.375|   -4.090|   -7.020|    9.078|  -13.977|   -9.797|
    6.138|    0.187|    0.028|    0.778|   -4.578|   -4.516| -186.375|   -0.450|  -13.625|   -0.434|
    6.159|   -0.010|    0.013|   -0.047|   -9.398|   -0.061|   21.359|   -0.115|  -12.164|   -0.181|
    6.180|   -0.033|   -0.057|    0.783|   -6.043|    3.967| -137.500|   -2.324|   -2.395|   -7.812|
    6.201|   -0.014|   -0.018|    0.654|    6.957|    0.244|   -7.324|   -0.269|  -10.719|   -0.566|
    6.222|   -0.346|   -0.004|    0.765|    4.883|   -1.160|   -1.953|   -0.176|   -0.632|   -0.632|
    6.243|   -0.318|   -0.013|   -0.030|  -31.188|    7.387|   -1.221|   17.500|  -10.648|  -20.453|
    6.264|   -0.210|    0.672|   -0.038|   -1.037|   -9.828|  126.625|   15.688|   -0.187|  -18.234|
    6.285|   -0.011|    0.406|   -0.057|   -4.273|   -8.242|  141.625|   14.594|   -0.648|  -16.859|
    6.306|    0.275|   -0.014|    1.139|   -0.610|   -0.366|   -2.258|   11.445|  -12.445|   -0.599|
    6.328|   -0.037|   -0.042|   -0.009|  -30.094|  -11.047|  110.688|   -0.698|   -0.577|   -0.654|
    6.348|    0.804|   -0.056|    1.254|   19.844|   -6.227|   32.656|    9.102|   -0.648|   -6.609|
    6.369|   -0.014|   -0.059|   -0.029|    1.831|   -6.469|  -42.781|   -0.220|   -0.676|   -0.264|
    6.391|   -0.002|   -1.209|   -0.049|   -0.427|   -2.869| -124.312|    9.047|   -0.121|   -9.398|
    6.412|   -0.996|   -0.001|    0.753|   -6.773|    3.602|   -1.893|   -0.687|  -15.352|   -0.637|
    6.433|   -0.104|   -0.005|   -0.056|   -5.980|   -4.945|   -1.465|   -0.670|  -16.391|  -17.688|
    6.454|   -0.038|   -0.057|    0.648|   -5.125|   -1.648|   -4.090|    6.141|  -16.297|  -21.000|
    6.475|   -0.583|   -0.001|   -0.006|   82.000|   -2.137|   -3.051|    7.617|  -14.961|   -0.352|
    6.496|   -0.621|    1.631|    0.928|   20.938|   -2.320|   54.438|    9.078|  -13.602|   -0.385|
    6.517|   -0.049|   -0.028|    0.517|   -2.869|   -9.094|  130.500|    8.703|  -13.547|   -0.247|
    6.538|   -0.034|    0.756|    0.555|  -30.094|   -5.371|   -1.037|   -0.044|  -14.047|   -0.033|
    6.559|   -0.036|   -0.042|   -0.037|    4.820|   70.062|   -7.387|   -0.088|  -13.758|  -13.797|
    6.580|   -0.021|   -0.009|    1.557|   -5.125|   35.469|  207.625|    4.305|   -0.066|   -6.648|
    6.601|    0.758|   -1.738|   -0.045|   21.734|  -14.219|   -3.234|    4.289|   -0.077|   -4.934|
    6.622|   -0.054|   -1.734|   -0.034|  -15.445|   -5.922|   35.156|   -0.417|  -13.977|   -2.604|
    6.643|   -0.055|   -1.375|    0.804|   -3.234|  -57.188|   -5.738|   -0.621|  -15.039|   -0.478|
    6.664|    0.667|   -0.045|   -0.028|  -39.969|   -3.113|   -2.320|   -0.593|  -16.375|   -0.286|
    6.685|   -0.625|   -0.055|   -0.022|  -41.812|  -71.875|   -2.320|   -0.346|  -17.703|   -9.812|
    6.706|   -0.050|   -0.031|    0.426|  -10.867|   -7.445| -183.125|    4.688|  -17.938|  -13.758|
    6.727|   -0.458|    1.381|    0.771|   -4.273|   38.438|   -0.427|    6.047|   -0.319|   -0.621|
    6.748|   -0.705|    1.893|    1.050|   -3.051|   52.969|  -28.312|    7.129|   -0.005|   -0.626|
    6.769|   -0.624|    1.762|    1.011| -119.312|   -2.869|  100.062|    4.816|  -15.133|   -0.489|
    6.790|   -0.018|    1.057|   -0.058|   -4.820|  -10.617|   -0.549|    1.444|   -0.055|   -0.071|
    6.811|   -0.022|   -0.041|    1.148|  -30.578|   -0.122|  193.875|    0.220|   -0.071|  -13.609|
    6.832|   -0.022|   -1.208|   -0.004|   33.438|    5.066|   -2.930|   -1.115|  -15.219|   -9.633|
    6.853|   -0.020|   -0.016|    1.295|    6.836|  -43.750|  -72.375|   -0.544|  -15.359|   -5.477|
    6.874|    1.054|   -0.049|   -0.018|   -5.434|  -56.156|   15.750|   -0.264|   -0.253|   -0.676|
    6.895|   -0.017|   -1.090|   -0.062|   -3.418|   -7.141|  -74.812|   -0.363|  -17.859|   -0.192|
    6.916|    0.543|   -0.056|    0.278|  -54.875|  -91.625|   -2.869|   -0.555|   -0.505|   -6.988|
    6.937|   -0.035|   -0.240|   -0.018|  -57.625|  -86.500| -138.750|   -0.659|  -19.672|   -0.005|
    6.958|    0.286|   -0.062|    1.036|    1.831|   -6.531|   22.156|    0.478|  -20.969|  -13.555|
    6.979|   -0.049|   -0.010|    0.876|   82.750|   -3.785|   -5.309|   -0.456|   -0.385|   -0.330|
    7.000|   -0.328|   -0.048|   -0.062|   35.156|   35.031|   53.281|    4.574|  -19.312|  -16.594|
    7.021|   -0.071|    0.558|   -0.002|  -23.750|   17.938|   -5.492|   -0.621|  -19.062|   -0.280|
    7.042|   -0.011|   -0.024|    0.901|   -7.203|   -3.418|  -13.914|   -2.736|   -0.385|   -5.355|
    7.063|    0.629|   -1.730|    1.291|   79.875|   65.875|   95.750|   -0.280|  -16.672|   -6.789|
    7.084|   -0.029|   -1.321|    1.254|   19.109|   -2.990|   -7.078|    4.543|   -0.203|   -0.478|
    7.105|   -0.013|   -0.032|    0.802|   -5.676|   -3.113|   -1.831|   -0.016|  -15.258|   -6.828|
    7.126|    0.257|    0.157|    0.432|    7.387|   -7.570|   -9.398|   -2.549|   -0.742|   -5.383|
    7.147|   -0.031|   -0.009|   -0.017|   -7.262|   -6.410|  -60.062|   -2.455|   -0.566|   -5.609|
    7.168|   -0.078|    0.430|   -0.039|    0.977|   -0.061|   -1.099|   -2.439|   -0.621|   -0.027|
    7.189|   -0.122|   -0.001|    0.903|    0.122|   -0.183|   -0.305|   -0.005|  -10.797|   -0.104|
    7.210|   -0.096|   -0.051|   -0.057|   21.547|   -1.465|   -9.523|    3.340|   -0.132|   -0.269|
    7.231|   -0.056|   -0.037|   -0.055|   -5.004|   -7.750|    4.457|    3.361|   -6.734|   -0.137|
    7.252|    0.019|   -0.059|    1.143|  -25.078|   -5.066|   19.047|    2.900|   -5.461|  -11.000|
    7.273|    0.032|   -0.050|   -0.009|   -3.479|   34.719|   22.578|   -0.610|   -0.478|   -0.676|
    7.294|    0.062|   -0.009|   -0.040|   -7.020|   32.094|   23.188|   -0.132|   -3.758|   -9.805|
    7.315|   -0.056|   -0.030|    1.023|  -12.086|   34.188|   -5.250|   -0.269|   -0.610|   -9.539|
    7.336|   -0.028|   -0.016|    1.021|  -27.406|   15.805|    6.594|    0.637|   -2.643|   -0.604|
    7.357|   -0.040|   -0.028|    0.879|  -59.750|    1.343|   -2.197|    0.198|   -2.576|   -0.604|
    7.378|    0.046|   -0.069|   -0.003|    0.061|    0.000|    0.000|   -0.511|   -2.570|   -0.681|
    7.399|    0.012|   -0.111|   -0.017|    0.061|   -0.061|    0.000|   -2.445|   -0.818|   -0.027|
    7.420|   -0.020|   -0.105|   -0.045|   -6.531|   -6.652|   -3.174|   -2.445|   -0.824|   -0.027|
    7.441|   -0.038|   -0.093|    0.936|  -28.203|   20.500|   -3.418|   -0.286|   -1.379|   -9.312|
    7.462|   -0.042|   -0.114|   -0.042|  -27.828|   22.156|    5.922|   -5.098|   -0.972|   -9.383|
    7.483|   -0.034|   -0.050|    1.020|   -5.188|   22.641|    5.797|   -5.539|   -0.500|   -9.297|
    7.504|   -0.036|   -0.191|    1.039|  -12.570|   -6.285|    4.820|   -0.022|   -0.088|   -9.227|
    7.525|   -0.031|   -0.062|    0.934|    0.000|    0.000|    0.000|   -0.357|    0.011|   -0.692|
    7.546|   -0.039|   -0.054|   -0.006|  -45.031|  -11.414|   -1.099|   -6.641|   -0.165|   -0.522|
    7.567|   -0.039|   -0.054|   -0.006|  -45.031|  -11.414|   -1.099|   -6.641|   -0.165|   -0.522|
    7.588|   -0.027|   -0.225|   -0.024|    0.061|    0.061|    0.000|   -2.467|   -0.934|   -0.027|
    7.609|   -0.035|   -0.190|   -0.061|  -10.008|   -6.285|   -4.945|   -0.379|   -0.181|   -8.023|
    7.630|   -0.034|   -0.060|    0.923|  -10.984|    4.820|   -6.043|   -9.203|    0.132|   -7.758|
    7.651|   -0.034|   -0.061|    0.908|   -8.422|    2.074|   -7.812|   -9.430|    0.253|   -0.571|
    7.672|   -0.024|   -0.214|    0.878|   -6.773|    0.366|    6.348|   -9.641|    0.313|   -0.439|
    7.693|   -0.027|   -0.225|   -0.004|   -5.066|    0.671|    5.250|   -9.844|    0.368|   -0.330|
    7.714|   -0.021|   -0.020|    0.875|   -1.770|    2.562|    3.539|   -0.286|    0.472|   -0.209|
    7.736|   -0.034|   -0.241|    0.875|   -3.418|    1.465|   -1.160|   -0.374|    0.511|   -0.198|
    7.756|    0.027|   -0.041|   -0.003|    0.061|   -0.122|    0.000|   -0.610|    0.599|   -0.258|
    7.777|   -0.047|   -0.227|    0.895|    3.602|    3.723|   -2.197|   -0.648|   -0.698|   -0.330|
    7.798|   -0.043|   -0.225|    0.900|   -1.893|   -0.183|   -2.381|   -0.665|   -0.599|   -0.385|
    7.820|   -0.035|   -0.222|    0.876|   -4.578|   -2.502|   -2.320|  -10.648|   -0.599|   -0.423|
    7.841|   -0.026|   -0.229|   -0.010|   -6.836|   -3.602|   -2.746|  -10.852|   -0.654|   -0.461|
    7.862|   -0.025|   -0.234|   -0.015|   -4.762|   -3.479|   -3.113|  -11.039|    0.692|   -0.505|
    7.883|   -0.028|   -0.232|    0.877|   -2.074|   -1.221|   -3.662|  -11.172|    0.665|   -0.571|
    7.904|   -0.032|   -0.004|   -0.009|   -1.953|   -1.160|   -3.785|   -0.033|    0.648|   -0.637|
    7.925|   -0.036|   -0.231|    0.894|   -3.906|   -0.671|   -0.610|   -0.181|    0.654|   -0.676|
